0.05	1.0002
0.1	1.0009
0.15	1.0021
0.2	1.0037
0.25	1.0057
0.3	1.0083
0.35	1.0113
0.4	1.0148
0.45	1.0187
0.5	1.0232
0.55	1.0282
0.6	1.0337
0.65	1.0397
0.7	1.0462
0.75	1.0533
0.8	1.061
0.85	1.0693
0.9	1.0781
0.95	1.0876
1	1.0978
1.05	1.1086
1.1	1.1201
1.15	1.1324
1.2	1.1454
1.25	1.1592
1.3	1.1738
1.35	1.1893
1.4	1.2057
1.45	1.223
1.5	1.2414
1.55	1.2608
1.6	1.2814
1.65	1.3031
1.7	1.3261
1.75	1.3505
1.8	1.3762
1.85	1.4035
1.9	1.4324
1.95	1.463
2	1.4955
2.05	1.5299
2.1	1.5665
2.15	1.6054
2.2	1.6468
2.25	1.6909
2.3	1.7379
2.35	1.7881
2.4	1.8417
2.45	1.8992
2.5	1.9607
2.55	2.0269
2.6	2.0981
2.65	2.1748
2.7	2.2578
2.75	2.3476
2.8	2.4452
2.85	2.5514
2.9	2.6675
2.95	2.7946
3	2.9344
3.05	3.0887
3.1	3.2598
3.15	3.4504
3.2	3.6638
3.25	3.904
3.3	4.1761
3.35	4.4866
3.4	4.8436
3.45	5.2575
3.5	5.7421
3.55	6.3153
3.6	7.001
3.65	7.8313
3.7	8.8482
3.75	10.106
3.8	11.664
3.85	13.566
3.9	15.761
3.95	17.929
4	19.345
4.05	19.277
4.1	17.821
4.15	15.761
4.2	13.734
4.25	11.99
4.3	10.56
4.35	9.4019
4.4	8.4601
4.45	7.6876
4.5	7.0469
4.55	6.5096
4.6	6.0543
4.65	5.6647
4.7	5.3284
4.75	5.0359
4.8	4.7797
4.85	4.5539
4.9	4.3538
4.95	4.1756
5	4.0163
5.05	3.8733
5.1	3.7446
5.15	3.6283
5.2	3.5231
5.25	3.4276
5.3	3.3409
5.35	3.2621
5.4	3.1903
5.45	3.125
5.5	3.0654
5.55	3.0113
5.6	2.962
5.65	2.9173
5.7	2.8767
5.75	2.8401
5.8	2.8071
5.85	2.7775
5.9	2.7511
5.95	2.7278
6	2.7074
6.05	2.6898
6.1	2.6747
6.15	2.6622
6.2	2.6522
6.25	2.6446
6.3	2.6392
6.35	2.6361
6.4	2.6352
6.45	2.6366
6.5	2.64
6.55	2.6456
6.6	2.6534
6.65	2.6633
6.7	2.6753
6.75	2.6895
6.8	2.7059
6.85	2.7246
6.9	2.7454
6.95	2.7687
7	2.7942
7.05	2.8223
7.1	2.8528
7.15	2.886
7.2	2.9219
7.25	2.9605
7.3	3.0022
7.35	3.0469
7.4	3.0948
7.45	3.1461
7.5	3.201
7.55	3.2596
7.6	3.3222
7.65	3.389
7.7	3.4604
7.75	3.5365
7.8	3.6176
7.85	3.7043
7.9	3.7967
7.95	3.8954
8	4.0009
8.05	4.1135
8.1	4.234
8.15	4.363
8.2	4.501
8.25	4.6491
8.3	4.8079
8.35	4.9784
8.4	5.1618
8.45	5.3592
8.5	5.5719
8.55	5.8013
8.6	6.0491
8.65	6.3171
8.7	6.6071
8.75	6.9212
8.8	7.2618
8.85	7.6312
8.9	8.032
8.95	8.4666
9	8.9373
9.05	9.4461
9.1	9.9943
9.15	10.582
9.2	11.208
9.25	11.866
9.3	12.551
9.35	13.248
9.4	13.939
9.45	14.601
9.5	15.204
9.55	15.719
9.6	16.115
9.65	16.37
9.7	16.475
9.75	16.43
9.8	16.251
9.85	15.96
9.9	15.586
9.95	15.155
10	14.693
10.05	14.218
10.1	13.746
10.15	13.287
10.2	12.849
10.25	12.436
10.3	12.051
10.35	11.693
10.4	11.364
10.45	11.062
10.5	10.786
10.55	10.536
10.6	10.309
10.65	10.104
10.7	9.92
10.75	9.756
10.8	9.6106
10.85	9.4827
10.9	9.3715
10.95	9.2761
11	9.1957
11.05	9.1298
11.1	9.0779
11.15	9.0393
11.2	9.0138
11.25	9.0011
11.3	9.001
11.35	9.0132
11.4	9.0377
11.45	9.0745
11.5	9.1237
11.55	9.1852
11.6	9.2592
11.65	9.346
11.7	9.4458
11.75	9.5589
11.8	9.6856
11.85	9.8264
11.9	9.9815
11.95	10.152
12	10.337
12.05	10.538
12.1	10.755
12.15	10.988
12.2	11.238
12.25	11.505
12.3	11.789
12.35	12.088
12.4	12.402
12.45	12.731
12.5	13.071
12.55	13.42
12.6	13.775
12.65	14.131
12.7	14.482
12.75	14.82
12.8	15.139
12.85	15.429
12.9	15.681
12.95	15.886
13	16.036
13.05	16.125
13.1	16.147
13.15	16.101
13.2	15.988
13.25	15.813
13.3	15.582
13.35	15.303
13.4	14.984
13.45	14.636
13.5	14.267
13.55	13.886
13.6	13.499
13.65	13.113
13.7	12.732
13.75	12.36
13.8	12.001
13.85	11.655
13.9	11.324
13.95	11.009
14	10.711
14.05	10.43
14.1	10.164
14.15	9.9147
14.2	9.6806
14.25	9.4615
14.3	9.2566
14.35	9.0655
14.4	8.8875
14.45	8.7221
14.5	8.5685
14.55	8.4263
14.6	8.2949
14.65	8.1739
14.7	8.0627
14.75	7.961
14.8	7.8683
14.85	7.7843
14.9	7.7087
14.95	7.641
15	7.5811
15.05	7.5287
15.1	7.4836
15.15	7.4455
15.2	7.4143
15.25	7.3899
15.3	7.372
15.35	7.3605
15.4	7.3554
15.45	7.3566
15.5	7.3639
15.55	7.3774
15.6	7.3969
15.65	7.4224
15.7	7.4538
15.75	7.4912
15.8	7.5345
15.85	7.5836
15.9	7.6385
15.95	7.6991
16	7.7654
16.05	7.8372
16.1	7.9145
16.15	7.997
16.2	8.0846
16.25	8.1771
16.3	8.2741
16.35	8.3752
16.4	8.48
16.45	8.5879
16.5	8.6983
16.55	8.8105
16.6	8.9235
16.65	9.0363
16.7	9.1478
16.75	9.2568
16.8	9.3618
16.85	9.4614
16.9	9.5541
16.95	9.6382
17	9.7122
17.05	9.7746
17.1	9.8239
17.15	9.8589
17.2	9.8786
17.25	9.8822
17.3	9.8692
17.35	9.8395
17.4	9.7934
17.45	9.7315
17.5	9.6546
17.55	9.5637
17.6	9.4604
17.65	9.3461
17.7	9.2223
17.75	9.0907
17.8	8.9529
17.85	8.8105
17.9	8.665
17.95	8.5177
18	8.3699
18.05	8.2226
18.1	8.0768
18.15	7.9334
18.2	7.793
18.25	7.6562
18.3	7.5234
18.35	7.3951
18.4	7.2714
18.45	7.1527
18.5	7.0391
18.55	6.9306
18.6	6.8274
18.65	6.7293
18.7	6.6365
18.75	6.5488
18.8	6.4663
18.85	6.3888
18.9	6.3162
18.95	6.2484
19	6.1854
19.05	6.1271
19.1	6.0733
19.15	6.0238
19.2	5.9787
19.25	5.9378
19.3	5.901
19.35	5.8681
19.4	5.8391
19.45	5.8138
19.5	5.7921
19.55	5.7739
19.6	5.759
19.65	5.7473
19.7	5.7387
19.75	5.733
19.8	5.7301
19.85	5.7296
19.9	5.7316
19.95	5.7357
20	5.7417
20.05	5.7493
20.1	5.7582
20.15	5.7682
20.2	5.7789
20.25	5.7898
20.3	5.8007
20.35	5.8109
20.4	5.8202
20.45	5.8279
20.5	5.8335
20.55	5.8365
20.6	5.8363
20.65	5.8324
20.7	5.8242
20.75	5.8113
20.8	5.793
20.85	5.7691
20.9	5.7391
20.95	5.7029
21	5.6601
21.05	5.6108
21.1	5.5549
21.15	5.4927
21.2	5.4243
21.25	5.3502
21.3	5.2707
21.35	5.1864
21.4	5.0979
21.45	5.0057
21.5	4.9105
21.55	4.8128
21.6	4.7135
21.65	4.6129
21.7	4.5118
21.75	4.4106
21.8	4.3098
21.85	4.2099
21.9	4.1112
21.95	4.014
22	3.9187
22.05	3.8255
22.1	3.7345
22.15	3.6459
22.2	3.5599
22.25	3.4764
22.3	3.3956
22.35	3.3175
22.4	3.2421
22.45	3.1694
22.5	3.0993
22.55	3.0319
22.6	2.967
22.65	2.9047
22.7	2.8448
22.75	2.7874
22.8	2.7323
22.85	2.6795
22.9	2.6288
22.95	2.5803
23	2.5339
23.05	2.4895
23.1	2.447
23.15	2.4064
23.2	2.3676
23.25	2.3305
23.3	2.2951
23.35	2.2613
23.4	2.2291
23.45	2.1984
23.5	2.1691
23.55	2.1413
23.6	2.1148
23.65	2.0897
23.7	2.0658
23.75	2.0432
23.8	2.0218
23.85	2.0015
23.9	1.9824
23.95	1.9643
24	1.9474
24.05	1.9315
24.1	1.9166
24.15	1.9027
24.2	1.8898
24.25	1.8778
24.3	1.8668
24.35	1.8567
24.4	1.8475
24.45	1.8391
24.5	1.8317
24.55	1.8251
24.6	1.8193
24.65	1.8144
24.7	1.8103
24.75	1.8071
24.8	1.8047
24.85	1.8031
24.9	1.8023
24.95	1.8023
25	1.8031
25.05	1.8048
25.1	1.8072
25.15	1.8105
25.2	1.8146
25.25	1.8195
25.3	1.8253
25.35	1.8319
25.4	1.8393
25.45	1.8476
25.5	1.8568
25.55	1.8668
25.6	1.8777
25.65	1.8895
25.7	1.9022
25.75	1.9159
25.8	1.9305
25.85	1.946
25.9	1.9625
25.95	1.9799
26	1.9984
26.05	2.0178
26.1	2.0382
26.15	2.0597
26.2	2.0821
26.25	2.1056
26.3	2.1302
26.35	2.1557
26.4	2.1822
26.45	2.2098
26.5	2.2383
26.55	2.2678
26.6	2.2982
26.65	2.3295
26.7	2.3617
26.75	2.3946
26.8	2.4281
26.85	2.4623
26.9	2.497
26.95	2.532
27	2.5672
27.05	2.6025
27.1	2.6376
27.15	2.6724
27.2	2.7066
27.25	2.7401
27.3	2.7725
27.35	2.8036
27.4	2.8331
27.45	2.8608
27.5	2.8863
27.55	2.9094
27.6	2.9299
27.65	2.9474
27.7	2.9618
27.75	2.9729
27.8	2.9806
27.85	2.9848
27.9	2.9854
27.95	2.9825
28	2.976
28.05	2.9662
28.1	2.9531
28.15	2.9369
28.2	2.9179
28.25	2.8962
28.3	2.8722
28.35	2.8461
28.4	2.8181
28.45	2.7887
28.5	2.7579
28.55	2.7262
28.6	2.6937
28.65	2.6606
28.7	2.6273
28.75	2.5938
28.8	2.5604
28.85	2.5273
28.9	2.4945
28.95	2.4621
29	2.4304
29.05	2.3993
29.1	2.3691
29.15	2.3396
29.2	2.311
29.25	2.2833
29.3	2.2566
29.35	2.2308
29.4	2.2061
29.45	2.1824
29.5	2.1596
29.55	2.138
29.6	2.1173
29.65	2.0976
29.7	2.079
29.75	2.0614
29.8	2.0448
29.85	2.0292
29.9	2.0145
29.95	2.0009
30	1.9882
