0.05	1.0001
0.1	1.0005
0.15	1.0013
0.2	1.0025
0.25	1.0041
0.3	1.006
0.35	1.0083
0.4	1.0111
0.45	1.0142
0.5	1.0177
0.55	1.0216
0.6	1.026
0.65	1.0307
0.7	1.0359
0.75	1.0415
0.8	1.0475
0.85	1.054
0.9	1.061
0.95	1.0685
1	1.0764
1.05	1.0848
1.1	1.0938
1.15	1.1033
1.2	1.1133
1.25	1.1239
1.3	1.1351
1.35	1.1469
1.4	1.1594
1.45	1.1725
1.5	1.1863
1.55	1.2008
1.6	1.2161
1.65	1.2321
1.7	1.249
1.75	1.2667
1.8	1.2853
1.85	1.3048
1.9	1.3253
1.95	1.3468
2	1.3694
2.05	1.3931
2.1	1.418
2.15	1.4441
2.2	1.4716
2.25	1.5005
2.3	1.5308
2.35	1.5627
2.4	1.5963
2.45	1.6316
2.5	1.6687
2.55	1.7077
2.6	1.7489
2.65	1.7922
2.7	1.8378
2.75	1.8858
2.8	1.9365
2.85	1.9899
2.9	2.0462
2.95	2.1055
3	2.1681
3.05	2.2341
3.1	2.3036
3.15	2.3768
3.2	2.4538
3.25	2.5349
3.3	2.62
3.35	2.7092
3.4	2.8025
3.45	2.8999
3.5	3.0012
3.55	3.106
3.6	3.2139
3.65	3.3243
3.7	3.4363
3.75	3.5489
3.8	3.6607
3.85	3.77
3.9	3.8751
3.95	3.9739
4	4.0641
4.05	4.1436
4.1	4.2103
4.15	4.2624
4.2	4.2986
4.25	4.3181
4.3	4.3206
4.35	4.3066
4.4	4.2771
4.45	4.2337
4.5	4.1781
4.55	4.1124
4.6	4.0385
4.65	3.9586
4.7	3.8745
4.75	3.7878
4.8	3.6998
4.85	3.6119
4.9	3.5248
4.95	3.4395
5	3.3564
5.05	3.2759
5.1	3.1984
5.15	3.124
5.2	3.0529
5.25	2.9851
5.3	2.9205
5.35	2.8592
5.4	2.8011
5.45	2.7461
5.5	2.6941
5.55	2.6449
5.6	2.5986
5.65	2.5549
5.7	2.5137
5.75	2.475
5.8	2.4386
5.85	2.4044
5.9	2.3724
5.95	2.3424
6	2.3144
6.05	2.2882
6.1	2.2638
6.15	2.2411
6.2	2.2201
6.25	2.2006
6.3	2.1827
6.35	2.1663
6.4	2.1512
6.45	2.1376
6.5	2.1252
6.55	2.1142
6.6	2.1044
6.65	2.0959
6.7	2.0885
6.75	2.0823
6.8	2.0772
6.85	2.0733
6.9	2.0705
6.95	2.0687
7	2.068
7.05	2.0684
7.1	2.0699
7.15	2.0723
7.2	2.0759
7.25	2.0804
7.3	2.086
7.35	2.0926
7.4	2.1003
7.45	2.109
7.5	2.1188
7.55	2.1296
7.6	2.1415
7.65	2.1545
7.7	2.1685
7.75	2.1837
7.8	2.2
7.85	2.2174
7.9	2.236
7.95	2.2558
8	2.2768
8.05	2.299
8.1	2.3224
8.15	2.3472
8.2	2.3732
8.25	2.4006
8.3	2.4293
8.35	2.4595
8.4	2.4911
8.45	2.5241
8.5	2.5586
8.55	2.5947
8.6	2.6323
8.65	2.6715
8.7	2.7123
8.75	2.7548
8.8	2.7989
8.85	2.8447
8.9	2.8922
8.95	2.9414
9	2.9924
9.05	3.045
9.1	3.0994
9.15	3.1555
9.2	3.2132
9.25	3.2726
9.3	3.3334
9.35	3.3958
9.4	3.4595
9.45	3.5245
9.5	3.5906
9.55	3.6576
9.6	3.7254
9.65	3.7937
9.7	3.8623
9.75	3.9308
9.8	3.999
9.85	4.0666
9.9	4.1332
9.95	4.1984
10	4.2617
10.05	4.3229
10.1	4.3815
10.15	4.437
10.2	4.4891
10.25	4.5374
10.3	4.5816
10.35	4.6214
10.4	4.6564
10.45	4.6866
10.5	4.7118
10.55	4.732
10.6	4.747
10.65	4.757
10.7	4.7622
10.75	4.7626
10.8	4.7586
10.85	4.7503
10.9	4.7382
10.95	4.7225
11	4.7035
11.05	4.6818
11.1	4.6575
11.15	4.6311
11.2	4.6029
11.25	4.5732
11.3	4.5425
11.35	4.5108
11.4	4.4787
11.45	4.4462
11.5	4.4136
11.55	4.3812
11.6	4.349
11.65	4.3174
11.7	4.2864
11.75	4.2561
11.8	4.2267
11.85	4.1982
11.9	4.1708
11.95	4.1444
12	4.1193
12.05	4.0953
12.1	4.0725
12.15	4.051
12.2	4.0308
12.25	4.0119
12.3	3.9943
12.35	3.978
12.4	3.963
12.45	3.9493
12.5	3.9369
12.55	3.9257
12.6	3.9159
12.65	3.9072
12.7	3.8998
12.75	3.8937
12.8	3.8887
12.85	3.8848
12.9	3.8821
12.95	3.8806
13	3.8801
13.05	3.8806
13.1	3.8822
13.15	3.8848
13.2	3.8883
13.25	3.8927
13.3	3.898
13.35	3.9042
13.4	3.9111
13.45	3.9188
13.5	3.9272
13.55	3.9363
13.6	3.946
13.65	3.9562
13.7	3.9669
13.75	3.9781
13.8	3.9897
13.85	4.0016
13.9	4.0137
13.95	4.0261
14	4.0386
14.05	4.0512
14.1	4.0637
14.15	4.0762
14.2	4.0886
14.25	4.1007
14.3	4.1125
14.35	4.124
14.4	4.1351
14.45	4.1456
14.5	4.1556
14.55	4.165
14.6	4.1737
14.65	4.1816
14.7	4.1887
14.75	4.195
14.8	4.2003
14.85	4.2047
14.9	4.2081
14.95	4.2105
15	4.2119
15.05	4.2122
15.1	4.2114
15.15	4.2096
15.2	4.2067
15.25	4.2027
15.3	4.1976
15.35	4.1916
15.4	4.1845
15.45	4.1764
15.5	4.1674
15.55	4.1575
15.6	4.1467
15.65	4.1351
15.7	4.1227
15.75	4.1097
15.8	4.0959
15.85	4.0816
15.9	4.0667
15.95	4.0513
16	4.0354
16.05	4.0192
16.1	4.0026
16.15	3.9857
16.2	3.9687
16.25	3.9514
16.3	3.934
16.35	3.9165
16.4	3.899
16.45	3.8814
16.5	3.8639
16.55	3.8465
16.6	3.8291
16.65	3.8119
16.7	3.7948
16.75	3.7779
16.8	3.7612
16.85	3.7447
16.9	3.7285
16.95	3.7125
17	3.6967
17.05	3.6812
17.1	3.666
17.15	3.651
17.2	3.6363
17.25	3.6219
17.3	3.6078
17.35	3.5939
17.4	3.5803
17.45	3.567
17.5	3.5538
17.55	3.541
17.6	3.5283
17.65	3.5158
17.7	3.5036
17.75	3.4915
17.8	3.4795
17.85	3.4677
17.9	3.4561
17.95	3.4445
18	3.4329
18.05	3.4215
18.1	3.4101
18.15	3.3986
18.2	3.3872
18.25	3.3757
18.3	3.3642
18.35	3.3526
18.4	3.3408
18.45	3.329
18.5	3.3169
18.55	3.3047
18.6	3.2923
18.65	3.2797
18.7	3.2668
18.75	3.2537
18.8	3.2403
18.85	3.2265
18.9	3.2125
18.95	3.1981
19	3.1834
19.05	3.1684
19.1	3.153
19.15	3.1371
19.2	3.121
19.25	3.1044
19.3	3.0874
19.35	3.0701
19.4	3.0524
19.45	3.0342
19.5	3.0157
19.55	2.9968
19.6	2.9776
19.65	2.958
19.7	2.938
19.75	2.9177
19.8	2.8971
19.85	2.8761
19.9	2.8549
19.95	2.8334
20	2.8116
20.05	2.7896
20.1	2.7674
20.15	2.7449
20.2	2.7223
20.25	2.6995
20.3	2.6766
20.35	2.6535
20.4	2.6304
20.45	2.6072
20.5	2.5839
20.55	2.5605
20.6	2.5372
20.65	2.5138
20.7	2.4905
20.75	2.4672
20.8	2.4439
20.85	2.4208
20.9	2.3977
20.95	2.3747
21	2.3518
21.05	2.329
21.1	2.3064
21.15	2.284
21.2	2.2617
21.25	2.2396
21.3	2.2176
21.35	2.1959
21.4	2.1744
21.45	2.1531
21.5	2.132
21.55	2.1111
21.6	2.0905
21.65	2.0701
21.7	2.05
21.75	2.0301
21.8	2.0104
21.85	1.991
21.9	1.9719
21.95	1.953
22	1.9344
22.05	1.9161
22.1	1.898
22.15	1.8802
22.2	1.8627
22.25	1.8454
22.3	1.8284
22.35	1.8117
22.4	1.7953
22.45	1.7791
22.5	1.7632
22.55	1.7475
22.6	1.7321
22.65	1.717
22.7	1.7022
22.75	1.6876
22.8	1.6732
22.85	1.6592
22.9	1.6453
22.95	1.6318
23	1.6185
23.05	1.6054
23.1	1.5927
23.15	1.5801
23.2	1.5678
23.25	1.5558
23.3	1.544
23.35	1.5324
23.4	1.5211
23.45	1.51
23.5	1.4991
23.55	1.4885
23.6	1.4781
23.65	1.468
23.7	1.458
23.75	1.4483
23.8	1.4389
23.85	1.4296
23.9	1.4206
23.95	1.4118
24	1.4032
24.05	1.3948
24.1	1.3866
24.15	1.3787
24.2	1.3709
24.25	1.3634
24.3	1.3561
24.35	1.349
24.4	1.342
24.45	1.3353
24.5	1.3288
24.55	1.3225
24.6	1.3164
24.65	1.3104
24.7	1.3047
24.75	1.2992
24.8	1.2938
24.85	1.2886
24.9	1.2837
24.95	1.2789
25	1.2743
25.05	1.2698
25.1	1.2656
25.15	1.2615
25.2	1.2576
25.25	1.2539
25.3	1.2504
25.35	1.247
25.4	1.2438
25.45	1.2408
25.5	1.2379
25.55	1.2352
25.6	1.2327
25.65	1.2303
25.7	1.2281
25.75	1.2261
25.8	1.2241
25.85	1.2224
25.9	1.2208
25.95	1.2193
26	1.218
26.05	1.2169
26.1	1.2158
26.15	1.2149
26.2	1.2142
26.25	1.2135
26.3	1.213
26.35	1.2127
26.4	1.2124
26.45	1.2122
26.5	1.2122
26.55	1.2123
26.6	1.2125
26.65	1.2127
26.7	1.2131
26.75	1.2136
26.8	1.2141
26.85	1.2147
26.9	1.2154
26.95	1.2162
27	1.217
27.05	1.2179
27.1	1.2188
27.15	1.2198
27.2	1.2207
27.25	1.2218
27.3	1.2228
27.35	1.2239
27.4	1.2249
27.45	1.226
27.5	1.227
27.55	1.228
27.6	1.229
27.65	1.2299
27.7	1.2308
27.75	1.2316
27.8	1.2324
27.85	1.2331
27.9	1.2337
27.95	1.2342
28	1.2346
28.05	1.2349
28.1	1.2351
28.15	1.2352
28.2	1.2351
28.25	1.2348
28.3	1.2345
28.35	1.2339
28.4	1.2332
28.45	1.2324
28.5	1.2313
28.55	1.2301
28.6	1.2287
28.65	1.2271
28.7	1.2253
28.75	1.2233
28.8	1.2212
28.85	1.2188
28.9	1.2162
28.95	1.2135
29	1.2105
29.05	1.2074
29.1	1.2041
29.15	1.2006
29.2	1.1969
29.25	1.193
29.3	1.189
29.35	1.1848
29.4	1.1805
29.45	1.176
29.5	1.1714
29.55	1.1666
29.6	1.1617
29.65	1.1567
29.7	1.1516
29.75	1.1464
29.8	1.1411
29.85	1.1358
29.9	1.1303
29.95	1.1248
30	1.1193
